1000.00, 304.911
1010.00, 289.598
1020.00, 275.128
1030.00, 261.453
1040.00, 248.529
1050.00, 236.313
1060.00, 224.764
1070.00, 213.845
1080.00, 203.521
1090.00, 193.756
1100.00, 184.519
1110.00, 175.780
1120.00, 167.511
1130.00, 159.684
1140.00, 152.276
1150.00, 145.261
1160.00, 138.617
1170.00, 132.324
1180.00, 126.361
1190.00, 120.711
1200.00, 115.355
1210.00, 110.276
1220.00, 105.460
1230.00, 100.892
1240.00, 96.557
1250.00, 92.444
1260.00, 88.539
1270.00, 84.831
1280.00, 81.309
1290.00, 77.963
1300.00, 74.784
1310.00, 71.762
1320.00, 68.889
1330.00, 66.157
1340.00, 63.557
1350.00, 61.084
1360.00, 58.730
1370.00, 56.489
1380.00, 54.355
1390.00, 52.322
1400.00, 50.385
1410.00, 48.539
1420.00, 46.779
1430.00, 45.101
1440.00, 43.500
1450.00, 41.973
1460.00, 40.515
1470.00, 39.124
1480.00, 37.795
1490.00, 36.525
1500.00, 35.313
1510.00, 34.153
1520.00, 33.045
1530.00, 31.985
1540.00, 30.972
1550.00, 30.002
1560.00, 29.073
1570.00, 28.185
1580.00, 27.333
1590.00, 26.518
1600.00, 25.737
1610.00, 24.988
1620.00, 24.270
1630.00, 23.581
1640.00, 22.920
1650.00, 22.286
1660.00, 21.678
1670.00, 21.093
1680.00, 20.532
1690.00, 19.993
1700.00, 19.475
1710.00, 18.976
1720.00, 18.497
1730.00, 18.036
1740.00, 17.593
1750.00, 17.166
1760.00, 16.755
1770.00, 16.360
1780.00, 15.979
1790.00, 15.611
1800.00, 15.257
1810.00, 14.916
1820.00, 14.587
1830.00, 14.269
1840.00, 13.962
1850.00, 13.666
1860.00, 13.381
1870.00, 13.105
1880.00, 12.838
1890.00, 12.580
1900.00, 12.331
1910.00, 12.090
1920.00, 11.857
1930.00, 11.631
1940.00, 11.413
1950.00, 11.202
1960.00, 10.997
1970.00, 10.799
1980.00, 10.607
1990.00, 10.420
2000.00, 10.240
2010.00, 10.065
2020.00, 9.895
2030.00, 9.730
2040.00, 9.570
2050.00, 9.415
2060.00, 9.264
2070.00, 9.117
2080.00, 8.975
2090.00, 8.837
2100.00, 8.702
2110.00, 8.571
2120.00, 8.444
2130.00, 8.320
2140.00, 8.199
2150.00, 8.082
2160.00, 7.968
2170.00, 7.857
2180.00, 7.748
2190.00, 7.642
2200.00, 7.539
2210.00, 7.439
2220.00, 7.341
2230.00, 7.246
2240.00, 7.153
2250.00, 7.062
2260.00, 6.973
2270.00, 6.886
2280.00, 6.802
2290.00, 6.719
2300.00, 6.638
2310.00, 6.559
2320.00, 6.482
2330.00, 6.407
2340.00, 6.333
2350.00, 6.261
2360.00, 6.191
2370.00, 6.122
2380.00, 6.054
2390.00, 5.988
2400.00, 5.923
2410.00, 5.860
2420.00, 5.798
2430.00, 5.737
2440.00, 5.678
2450.00, 5.620
2460.00, 5.562
2470.00, 5.506
2480.00, 5.451
2490.00, 5.398
2500.00, 5.345
2510.00, 5.293
2520.00, 5.242
2530.00, 5.192
2540.00, 5.143
2550.00, 5.095
2560.00, 5.048
2570.00, 5.002
2580.00, 4.957
2590.00, 4.912
2600.00, 4.868
2610.00, 4.825
2620.00, 4.783
2630.00, 4.741
2640.00, 4.700
2650.00, 4.660
2660.00, 4.621
2670.00, 4.582
2680.00, 4.544
2690.00, 4.506
2700.00, 4.469
2710.00, 4.433
2720.00, 4.397
2730.00, 4.362
2740.00, 4.328
2750.00, 4.294
2760.00, 4.260
2770.00, 4.227
2780.00, 4.195
2790.00, 4.163
2800.00, 4.132
2810.00, 4.101
2820.00, 4.070
2830.00, 4.040
2840.00, 4.011
2850.00, 3.981
2860.00, 3.953
2870.00, 3.924
2880.00, 3.897
2890.00, 3.869
2900.00, 3.842
2910.00, 3.815
2920.00, 3.789
2930.00, 3.763
2940.00, 3.738
2950.00, 3.713
2960.00, 3.688
2970.00, 3.663
2980.00, 3.639
2990.00, 3.615
3000.00, 3.592
3010.00, 3.569
3020.00, 3.546
3030.00, 3.523
3040.00, 3.501
3050.00, 3.479
3060.00, 3.458
3070.00, 3.436
3080.00, 3.415
3090.00, 3.394
3100.00, 3.374
3110.00, 3.353
3120.00, 3.333
3130.00, 3.314
3140.00, 3.294
3150.00, 3.275
3160.00, 3.256
3170.00, 3.237
3180.00, 3.219
3190.00, 3.200
3200.00, 3.182
3210.00, 3.164
3220.00, 3.147
3230.00, 3.129
3240.00, 3.112
3250.00, 3.095
3260.00, 3.078
3270.00, 3.062
3280.00, 3.045
3290.00, 3.029
3300.00, 3.013
3310.00, 2.997
3320.00, 2.982
3330.00, 2.966
3340.00, 2.951
3350.00, 2.936
3360.00, 2.921
3370.00, 2.906
3380.00, 2.892
3390.00, 2.877
3400.00, 2.863
3410.00, 2.849
3420.00, 2.835
3430.00, 2.821
3440.00, 2.808
3450.00, 2.794
3460.00, 2.781
3470.00, 2.768
3480.00, 2.755
3490.00, 2.742
3500.00, 2.729
3510.00, 2.716
3520.00, 2.704
3530.00, 2.692
3540.00, 2.679
3550.00, 2.667
3560.00, 2.655
3570.00, 2.644
3580.00, 2.632
3590.00, 2.620
3600.00, 2.609
3610.00, 2.597
3620.00, 2.586
3630.00, 2.575
3640.00, 2.564
3650.00, 2.553
3660.00, 2.543
3670.00, 2.532
3680.00, 2.521
3690.00, 2.511
3700.00, 2.501
3710.00, 2.490
3720.00, 2.480
3730.00, 2.470
3740.00, 2.460
3750.00, 2.450
3760.00, 2.441
3770.00, 2.431
3780.00, 2.421
3790.00, 2.412
3800.00, 2.403
3810.00, 2.393
3820.00, 2.384
3830.00, 2.375
3840.00, 2.366
3850.00, 2.357
3860.00, 2.348
3870.00, 2.339
3880.00, 2.331
3890.00, 2.322
3900.00, 2.314
3910.00, 2.305
3920.00, 2.297
3930.00, 2.288
3940.00, 2.280
3950.00, 2.272
3960.00, 2.264
3970.00, 2.256
3980.00, 2.248
3990.00, 2.240
4000.00, 2.232
4010.00, 2.225
4020.00, 2.217
4030.00, 2.209
4040.00, 2.202
4050.00, 2.194
4060.00, 2.187
4070.00, 2.180
4080.00, 2.172
4090.00, 2.165
4100.00, 2.158
4110.00, 2.151
4120.00, 2.144
4130.00, 2.137
4140.00, 2.130
4150.00, 2.123
4160.00, 2.116
4170.00, 2.109
4180.00, 2.103
4190.00, 2.096
4200.00, 2.089
4210.00, 2.083
4220.00, 2.076
4230.00, 2.070
4240.00, 2.063
4250.00, 2.057
4260.00, 2.051
4270.00, 2.045
4280.00, 2.038
4290.00, 2.032
4300.00, 2.026
4310.00, 2.020
4320.00, 2.014
4330.00, 2.008
4340.00, 2.002
4350.00, 1.996
4360.00, 1.990
4370.00, 1.985
4380.00, 1.979
4390.00, 1.973
4400.00, 1.967
4410.00, 1.962
4420.00, 1.956
4430.00, 1.951
4440.00, 1.945
4450.00, 1.940
4460.00, 1.934
4470.00, 1.929
4480.00, 1.923
4490.00, 1.918
4500.00, 1.913
4510.00, 1.907
4520.00, 1.902
4530.00, 1.897
4540.00, 1.892
4550.00, 1.887
4560.00, 1.882
4570.00, 1.877
4580.00, 1.871
4590.00, 1.866
4600.00, 1.862
4610.00, 1.857
4620.00, 1.852
4630.00, 1.847
4640.00, 1.842
4650.00, 1.837
4660.00, 1.832
4670.00, 1.828
4680.00, 1.823
4690.00, 1.818
4700.00, 1.813
4710.00, 1.809
4720.00, 1.804
4730.00, 1.800
4740.00, 1.795
4750.00, 1.790
4760.00, 1.786
4770.00, 1.781
4780.00, 1.777
4790.00, 1.773
4800.00, 1.768
4810.00, 1.764
4820.00, 1.759
4830.00, 1.755
4840.00, 1.751
4850.00, 1.746
4860.00, 1.742
4870.00, 1.738
4880.00, 1.734
4890.00, 1.729
4900.00, 1.725
4910.00, 1.721
4920.00, 1.717
4930.00, 1.713
4940.00, 1.709
4950.00, 1.705
4960.00, 1.700
4970.00, 1.696
4980.00, 1.692
4990.00, 1.688
5000.00, 1.684
5010.00, 1.680
5020.00, 1.676
5030.00, 1.672
5040.00, 1.669
5050.00, 1.665
5060.00, 1.661
5070.00, 1.657
5080.00, 1.653
5090.00, 1.649
5100.00, 1.645
5110.00, 1.642
5120.00, 1.638
5130.00, 1.634
5140.00, 1.630
5150.00, 1.627
5160.00, 1.623
5170.00, 1.619
5180.00, 1.615
5190.00, 1.612
5200.00, 1.608
5210.00, 1.604
5220.00, 1.601
5230.00, 1.597
5240.00, 1.594
5250.00, 1.590
5260.00, 1.586
5270.00, 1.583
5280.00, 1.579
5290.00, 1.576
5300.00, 1.572
5310.00, 1.569
5320.00, 1.565
5330.00, 1.562
5340.00, 1.558
5350.00, 1.555
5360.00, 1.551
5370.00, 1.548
5380.00, 1.545
5390.00, 1.541
5400.00, 1.538
5410.00, 1.534
5420.00, 1.531
5430.00, 1.528
5440.00, 1.524
5450.00, 1.521
5460.00, 1.518
5470.00, 1.514
5480.00, 1.511
5490.00, 1.508
5500.00, 1.504
5510.00, 1.501
5520.00, 1.498
5530.00, 1.494
