960.00, 311.904
970.00, 297.547
980.00, 283.990
990.00, 271.185
1000.00, 259.082
1010.00, 247.638
1020.00, 236.813
1030.00, 226.567
1040.00, 216.866
1050.00, 207.676
1060.00, 198.966
1070.00, 190.708
1080.00, 182.875
1090.00, 175.442
1100.00, 168.385
1110.00, 161.682
1120.00, 155.313
1130.00, 149.259
1140.00, 143.501
1150.00, 138.023
1160.00, 132.810
1170.00, 127.846
1180.00, 123.118
1190.00, 118.613
1200.00, 114.318
1210.00, 110.223
1220.00, 106.316
1230.00, 102.587
1240.00, 99.027
1250.00, 95.627
1260.00, 92.379
1270.00, 89.275
1280.00, 86.307
1290.00, 83.468
1300.00, 80.752
1310.00, 78.153
1320.00, 75.664
1330.00, 73.281
1340.00, 70.997
1350.00, 68.808
1360.00, 66.710
1370.00, 64.698
1380.00, 62.768
1390.00, 60.916
1400.00, 59.137
1410.00, 57.430
1420.00, 55.790
1430.00, 54.214
1440.00, 52.700
1450.00, 51.244
1460.00, 49.843
1470.00, 48.496
1480.00, 47.200
1490.00, 45.952
1500.00, 44.751
1510.00, 43.594
1520.00, 42.479
1530.00, 41.405
1540.00, 40.369
1550.00, 39.371
1560.00, 38.408
1570.00, 37.479
1580.00, 36.583
1590.00, 35.717
1600.00, 34.882
1610.00, 34.075
1620.00, 33.296
1630.00, 32.543
1640.00, 31.815
1650.00, 31.111
1660.00, 30.431
1670.00, 29.773
1680.00, 29.136
1690.00, 28.520
1700.00, 27.924
1710.00, 27.346
1720.00, 26.787
1730.00, 26.245
1740.00, 25.720
1750.00, 25.212
1760.00, 24.719
1770.00, 24.241
1780.00, 23.777
1790.00, 23.328
1800.00, 22.891
1810.00, 22.468
1820.00, 22.057
1830.00, 21.658
1840.00, 21.271
1850.00, 20.894
1860.00, 20.529
1870.00, 20.174
1880.00, 19.828
1890.00, 19.493
1900.00, 19.166
1910.00, 18.849
1920.00, 18.540
1930.00, 18.240
1940.00, 17.948
1950.00, 17.663
1960.00, 17.386
1970.00, 17.117
1980.00, 16.854
1990.00, 16.598
2000.00, 16.349
2010.00, 16.106
2020.00, 15.869
2030.00, 15.639
2040.00, 15.414
2050.00, 15.194
2060.00, 14.980
2070.00, 14.772
2080.00, 14.568
2090.00, 14.369
2100.00, 14.175
2110.00, 13.986
2120.00, 13.801
2130.00, 13.620
2140.00, 13.444
2150.00, 13.272
2160.00, 13.103
2170.00, 12.939
2180.00, 12.778
2190.00, 12.621
2200.00, 12.467
2210.00, 12.317
2220.00, 12.170
2230.00, 12.026
2240.00, 11.886
2250.00, 11.748
2260.00, 11.613
2270.00, 11.481
2280.00, 11.352
2290.00, 11.226
2300.00, 11.102
2310.00, 10.981
2320.00, 10.862
2330.00, 10.746
2340.00, 10.632
2350.00, 10.521
2360.00, 10.411
2370.00, 10.304
2380.00, 10.199
2390.00, 10.096
2400.00, 9.994
2410.00, 9.895
2420.00, 9.798
2430.00, 9.703
2440.00, 9.609
2450.00, 9.517
2460.00, 9.427
2470.00, 9.338
2480.00, 9.252
2490.00, 9.166
2500.00, 9.083
2510.00, 9.000
2520.00, 8.920
2530.00, 8.840
2540.00, 8.762
2550.00, 8.686
2560.00, 8.610
2570.00, 8.536
2580.00, 8.464
2590.00, 8.392
2600.00, 8.322
2610.00, 8.253
2620.00, 8.185
2630.00, 8.118
2640.00, 8.052
2650.00, 7.988
2660.00, 7.924
2670.00, 7.862
2680.00, 7.800
2690.00, 7.740
2700.00, 7.680
2710.00, 7.621
2720.00, 7.564
2730.00, 7.507
2740.00, 7.451
2750.00, 7.396
2760.00, 7.341
2770.00, 7.288
2780.00, 7.235
2790.00, 7.183
2800.00, 7.132
2810.00, 7.082
2820.00, 7.032
2830.00, 6.984
2840.00, 6.935
2850.00, 6.888
2860.00, 6.841
2870.00, 6.795
2880.00, 6.750
2890.00, 6.705
2900.00, 6.661
2910.00, 6.617
2920.00, 6.574
2930.00, 6.532
2940.00, 6.490
2950.00, 6.448
2960.00, 6.408
2970.00, 6.368
2980.00, 6.328
2990.00, 6.289
3000.00, 6.250
3010.00, 6.212
3020.00, 6.175
3030.00, 6.137
3040.00, 6.101
3050.00, 6.065
3060.00, 6.029
3070.00, 5.994
3080.00, 5.959
3090.00, 5.925
3100.00, 5.891
3110.00, 5.857
3120.00, 5.824
3130.00, 5.791
3140.00, 5.759
3150.00, 5.727
3160.00, 5.695
3170.00, 5.664
3180.00, 5.634
3190.00, 5.603
3200.00, 5.573
3210.00, 5.543
3220.00, 5.514
3230.00, 5.485
3240.00, 5.456
3250.00, 5.428
3260.00, 5.400
3270.00, 5.372
3280.00, 5.345
3290.00, 5.317
3300.00, 5.291
3310.00, 5.264
3320.00, 5.238
3330.00, 5.212
3340.00, 5.186
3350.00, 5.161
3360.00, 5.136
3370.00, 5.111
3380.00, 5.086
3390.00, 5.062
3400.00, 5.038
3410.00, 5.014
3420.00, 4.991
3430.00, 4.967
3440.00, 4.944
3450.00, 4.922
3460.00, 4.899
3470.00, 4.877
3480.00, 4.854
3490.00, 4.833
3500.00, 4.811
3510.00, 4.789
3520.00, 4.768
3530.00, 4.747
3540.00, 4.726
3550.00, 4.706
3560.00, 4.685
3570.00, 4.665
3580.00, 4.645
3590.00, 4.625
3600.00, 4.605
3610.00, 4.586
3620.00, 4.567
3630.00, 4.547
3640.00, 4.529
3650.00, 4.510
3660.00, 4.491
3670.00, 4.473
3680.00, 4.455
3690.00, 4.437
3700.00, 4.419
3710.00, 4.401
3720.00, 4.383
3730.00, 4.366
3740.00, 4.349
3750.00, 4.332
3760.00, 4.315
3770.00, 4.298
3780.00, 4.281
3790.00, 4.265
3800.00, 4.248
3810.00, 4.232
3820.00, 4.216
3830.00, 4.200
3840.00, 4.184
3850.00, 4.169
3860.00, 4.153
3870.00, 4.138
3880.00, 4.122
3890.00, 4.107
3900.00, 4.092
3910.00, 4.077
3920.00, 4.063
3930.00, 4.048
3940.00, 4.033
3950.00, 4.019
3960.00, 4.005
3970.00, 3.991
3980.00, 3.977
3990.00, 3.963
4000.00, 3.949
4010.00, 3.935
4020.00, 3.922
4030.00, 3.908
4040.00, 3.895
4050.00, 3.881
4060.00, 3.868
4070.00, 3.855
4080.00, 3.842
4090.00, 3.829
4100.00, 3.817
4110.00, 3.804
4120.00, 3.791
4130.00, 3.779
4140.00, 3.766
4150.00, 3.754
4160.00, 3.742
4170.00, 3.730
4180.00, 3.718
4190.00, 3.706
4200.00, 3.694
4210.00, 3.682
4220.00, 3.671
4230.00, 3.659
4240.00, 3.648
4250.00, 3.636
4260.00, 3.625
4270.00, 3.614
4280.00, 3.603
4290.00, 3.591
4300.00, 3.580
4310.00, 3.570
4320.00, 3.559
4330.00, 3.548
4340.00, 3.537
4350.00, 3.527
4360.00, 3.516
4370.00, 3.506
4380.00, 3.495
4390.00, 3.485
4400.00, 3.475
4410.00, 3.465
4420.00, 3.455
4430.00, 3.444
4440.00, 3.435
4450.00, 3.425
4460.00, 3.415
4470.00, 3.405
4480.00, 3.395
4490.00, 3.386
4500.00, 3.376
4510.00, 3.367
4520.00, 3.357
4530.00, 3.348
4540.00, 3.339
4550.00, 3.329
4560.00, 3.320
4570.00, 3.311
4580.00, 3.302
4590.00, 3.293
4600.00, 3.284
4610.00, 3.275
4620.00, 3.266
4630.00, 3.258
4640.00, 3.249
4650.00, 3.240
4660.00, 3.232
4670.00, 3.223
4680.00, 3.215
4690.00, 3.206
4700.00, 3.198
4710.00, 3.189
4720.00, 3.181
4730.00, 3.173
4740.00, 3.165
4750.00, 3.157
4760.00, 3.148
4770.00, 3.140
4780.00, 3.132
4790.00, 3.125
4800.00, 3.117
4810.00, 3.109
4820.00, 3.101
4830.00, 3.093
4840.00, 3.086
4850.00, 3.078
4860.00, 3.070
4870.00, 3.063
4880.00, 3.055
4890.00, 3.048
4900.00, 3.040
4910.00, 3.033
4920.00, 3.026
4930.00, 3.018
4940.00, 3.011
4950.00, 3.004
4960.00, 2.997
4970.00, 2.990
4980.00, 2.983
4990.00, 2.976
5000.00, 2.969
5010.00, 2.962
5020.00, 2.955
5030.00, 2.948
5040.00, 2.941
5050.00, 2.934
5060.00, 2.927
5070.00, 2.921
5080.00, 2.914
5090.00, 2.907
5100.00, 2.901
5110.00, 2.894
5120.00, 2.888
5130.00, 2.881
5140.00, 2.875
5150.00, 2.868
5160.00, 2.862
5170.00, 2.856
5180.00, 2.849
5190.00, 2.843
5200.00, 2.837
5210.00, 2.831
5220.00, 2.824
5230.00, 2.818
5240.00, 2.812
5250.00, 2.806
5260.00, 2.800
5270.00, 2.794
5280.00, 2.788
5290.00, 2.782
5300.00, 2.776
5310.00, 2.770
5320.00, 2.764
5330.00, 2.759
5340.00, 2.753
5350.00, 2.747
5360.00, 2.741
5370.00, 2.736
5380.00, 2.730
5390.00, 2.724
5400.00, 2.719
5410.00, 2.713
5420.00, 2.707
5430.00, 2.702
5440.00, 2.696
5450.00, 2.691
5460.00, 2.685
5470.00, 2.680
5480.00, 2.675
5490.00, 2.669
5500.00, 2.664
5510.00, 2.659
5520.00, 2.653
5530.00, 2.648
5540.00, 2.643
5550.00, 2.638
5560.00, 2.633
5570.00, 2.627
5580.00, 2.622
5590.00, 2.617
5600.00, 2.612
5610.00, 2.607
5620.00, 2.602
5630.00, 2.597
5640.00, 2.592
5650.00, 2.587
5660.00, 2.582
5670.00, 2.577
5680.00, 2.572
5690.00, 2.568
5700.00, 2.563
5710.00, 2.558
5720.00, 2.553
5730.00, 2.548
5740.00, 2.544
5750.00, 2.539
5760.00, 2.534
5770.00, 2.530
5780.00, 2.525
5790.00, 2.520
5800.00, 2.516
5810.00, 2.511
5820.00, 2.507
5830.00, 2.502
5840.00, 2.497
5850.00, 2.493
5860.00, 2.489
5870.00, 2.484
5880.00, 2.480
5890.00, 2.475
5900.00, 2.471
5910.00, 2.466
5920.00, 2.462
5930.00, 2.458
5940.00, 2.453
5950.00, 2.449
5960.00, 2.445
5970.00, 2.441
5980.00, 2.436
5990.00, 2.432
6000.00, 2.428
6010.00, 2.424
6020.00, 2.420
6030.00, 2.416
6040.00, 2.411
6050.00, 2.407
6060.00, 2.403
6070.00, 2.399
6080.00, 2.395
6090.00, 2.391
6100.00, 2.387
6110.00, 2.383
6120.00, 2.379
6130.00, 2.375
6140.00, 2.371
6150.00, 2.367
6160.00, 2.363
6170.00, 2.359
6180.00, 2.356
6190.00, 2.352
6200.00, 2.348
6210.00, 2.344
6220.00, 2.340
6230.00, 2.336
6240.00, 2.333
6250.00, 2.329
6260.00, 2.325
6270.00, 2.321
6280.00, 2.318
6290.00, 2.314
6300.00, 2.310
6310.00, 2.307
6320.00, 2.303
6330.00, 2.299
6340.00, 2.296
6350.00, 2.292
6360.00, 2.289
6370.00, 2.285
6380.00, 2.281
6390.00, 2.278
6400.00, 2.274
6410.00, 2.271
6420.00, 2.267
6430.00, 2.264
6440.00, 2.260
6450.00, 2.257
6460.00, 2.254
6470.00, 2.250
6480.00, 2.247
6490.00, 2.243
6500.00, 2.240
6510.00, 2.237
6520.00, 2.233
6530.00, 2.230
6540.00, 2.227
6550.00, 2.223
6560.00, 2.220
6570.00, 2.217
6580.00, 2.213
6590.00, 2.210
6600.00, 2.207
6610.00, 2.204
6620.00, 2.200
6630.00, 2.197
6640.00, 2.194
6650.00, 2.191
6660.00, 2.188
6670.00, 2.184
6680.00, 2.181
6690.00, 2.178
6700.00, 2.175
6710.00, 2.172
6720.00, 2.169
6730.00, 2.166
6740.00, 2.163
6750.00, 2.160
6760.00, 2.157
6770.00, 2.154
6780.00, 2.150
6790.00, 2.147
6800.00, 2.144
6810.00, 2.141
6820.00, 2.138
6830.00, 2.136
6840.00, 2.133
6850.00, 2.130
6860.00, 2.127
6870.00, 2.124
6880.00, 2.121
6890.00, 2.118
6900.00, 2.115
6910.00, 2.112
6920.00, 2.109
6930.00, 2.106
6940.00, 2.104
6950.00, 2.101
6960.00, 2.098
6970.00, 2.095
6980.00, 2.092
6990.00, 2.090
7000.00, 2.087
7010.00, 2.084
7020.00, 2.081
7030.00, 2.078
7040.00, 2.076
7050.00, 2.073
7060.00, 2.070
7070.00, 2.068
7080.00, 2.065
7090.00, 2.062
7100.00, 2.059
7110.00, 2.057
7120.00, 2.054
7130.00, 2.051
7140.00, 2.049
7150.00, 2.046
7160.00, 2.044
7170.00, 2.041
7180.00, 2.038
7190.00, 2.036
7200.00, 2.033
7210.00, 2.031
7220.00, 2.028
7230.00, 2.025
7240.00, 2.023
7250.00, 2.020
7260.00, 2.018
7270.00, 2.015
7280.00, 2.013
7290.00, 2.010
7300.00, 2.008
7310.00, 2.005
7320.00, 2.003
7330.00, 2.000
7340.00, 1.998
7350.00, 1.995
7360.00, 1.993
7370.00, 1.990
7380.00, 1.988
7390.00, 1.986
7400.00, 1.983
7410.00, 1.981
7420.00, 1.978
7430.00, 1.976
7440.00, 1.974
7450.00, 1.971
7460.00, 1.969
7470.00, 1.967
7480.00, 1.964
7490.00, 1.962
7500.00, 1.960
7510.00, 1.957
7520.00, 1.955
7530.00, 1.953
7540.00, 1.950
7550.00, 1.948
7560.00, 1.946
7570.00, 1.943
7580.00, 1.941
7590.00, 1.939
7600.00, 1.937
7610.00, 1.934
7620.00, 1.932
7630.00, 1.930
7640.00, 1.928
7650.00, 1.926
7660.00, 1.923
7670.00, 1.921
7680.00, 1.919
7690.00, 1.917
7700.00, 1.915
7710.00, 1.912
7720.00, 1.910
7730.00, 1.908
7740.00, 1.906
7750.00, 1.904
7760.00, 1.902
7770.00, 1.900
7780.00, 1.897
7790.00, 1.895
7800.00, 1.893
7810.00, 1.891
7820.00, 1.889
7830.00, 1.887
7840.00, 1.885
7850.00, 1.883
7860.00, 1.881
7870.00, 1.879
7880.00, 1.877
7890.00, 1.874
7900.00, 1.872
7910.00, 1.870
7920.00, 1.868
7930.00, 1.866
7940.00, 1.864
7950.00, 1.862
7960.00, 1.860
7970.00, 1.858
7980.00, 1.856
7990.00, 1.854
8000.00, 1.852
8010.00, 1.850
8020.00, 1.848
8030.00, 1.846
8040.00, 1.845
8050.00, 1.843
8060.00, 1.841
8070.00, 1.839
8080.00, 1.837
8090.00, 1.835
8100.00, 1.833
8110.00, 1.831
8120.00, 1.829
8130.00, 1.827
8140.00, 1.825
8150.00, 1.823
8160.00, 1.822
8170.00, 1.820
8180.00, 1.818
8190.00, 1.816
8200.00, 1.814
8210.00, 1.812
8220.00, 1.810
8230.00, 1.809
8240.00, 1.807
8250.00, 1.805
8260.00, 1.803
8270.00, 1.801
8280.00, 1.799
8290.00, 1.798
8300.00, 1.796
8310.00, 1.794
8320.00, 1.792
8330.00, 1.790
8340.00, 1.789
8350.00, 1.787
8360.00, 1.785
8370.00, 1.783
8380.00, 1.782
8390.00, 1.780
8400.00, 1.778
8410.00, 1.776
8420.00, 1.775
8430.00, 1.773
8440.00, 1.771
8450.00, 1.769
8460.00, 1.768
8470.00, 1.766
8480.00, 1.764
8490.00, 1.763
8500.00, 1.761
8510.00, 1.759
8520.00, 1.757
8530.00, 1.756
8540.00, 1.754
8550.00, 1.752
8560.00, 1.751
8570.00, 1.749
8580.00, 1.747
8590.00, 1.746
8600.00, 1.744
8610.00, 1.743
8620.00, 1.741
8630.00, 1.739
8640.00, 1.738
8650.00, 1.736
8660.00, 1.734
8670.00, 1.733
8680.00, 1.731
8690.00, 1.730
8700.00, 1.728
8710.00, 1.726
8720.00, 1.725
8730.00, 1.723
8740.00, 1.722
8750.00, 1.720
8760.00, 1.718
8770.00, 1.717
8780.00, 1.715
8790.00, 1.714
8800.00, 1.712
8810.00, 1.711
8820.00, 1.709
8830.00, 1.707
8840.00, 1.706
8850.00, 1.704
8860.00, 1.703
8870.00, 1.701
8880.00, 1.700
8890.00, 1.698
8900.00, 1.697
8910.00, 1.695
8920.00, 1.694
8930.00, 1.692
8940.00, 1.691
8950.00, 1.689
8960.00, 1.688
8970.00, 1.686
8980.00, 1.685
8990.00, 1.683
9000.00, 1.682
9010.00, 1.680
9020.00, 1.679
9030.00, 1.677
9040.00, 1.676
9050.00, 1.675
9060.00, 1.673
9070.00, 1.672
9080.00, 1.670
9090.00, 1.669
9100.00, 1.667
9110.00, 1.666
9120.00, 1.664
9130.00, 1.663
9140.00, 1.662
9150.00, 1.660
9160.00, 1.659
9170.00, 1.657
9180.00, 1.656
9190.00, 1.655
9200.00, 1.653
9210.00, 1.652
9220.00, 1.650
9230.00, 1.649
9240.00, 1.648
9250.00, 1.646
9260.00, 1.645
9270.00, 1.643
9280.00, 1.642
9290.00, 1.641
9300.00, 1.639
9310.00, 1.638
9320.00, 1.637
9330.00, 1.635
9340.00, 1.634
9350.00, 1.633
9360.00, 1.631
9370.00, 1.630
9380.00, 1.629
9390.00, 1.627
9400.00, 1.626
9410.00, 1.625
9420.00, 1.623
9430.00, 1.622
9440.00, 1.621
9450.00, 1.619
9460.00, 1.618
9470.00, 1.617
9480.00, 1.615
9490.00, 1.614
9500.00, 1.613
9510.00, 1.612
9520.00, 1.610
9530.00, 1.609
9540.00, 1.608
9550.00, 1.606
9560.00, 1.605
9570.00, 1.604
9580.00, 1.603
9590.00, 1.601
9600.00, 1.600
9610.00, 1.599
9620.00, 1.598
9630.00, 1.596
9640.00, 1.595
9650.00, 1.594
9660.00, 1.593
9670.00, 1.591
9680.00, 1.590
9690.00, 1.589
9700.00, 1.588
9710.00, 1.586
9720.00, 1.585
9730.00, 1.584
9740.00, 1.583
9750.00, 1.582
9760.00, 1.580
9770.00, 1.579
9780.00, 1.578
9790.00, 1.577
9800.00, 1.576
9810.00, 1.574
9820.00, 1.573
9830.00, 1.572
9840.00, 1.571
9850.00, 1.570
9860.00, 1.568
9870.00, 1.567
9880.00, 1.566
9890.00, 1.565
9900.00, 1.564
9910.00, 1.563
9920.00, 1.561
9930.00, 1.560
9940.00, 1.559
9950.00, 1.558
9960.00, 1.557
9970.00, 1.556
9980.00, 1.555
9990.00, 1.553
10000.00, 1.552
10010.00, 1.551
10020.00, 1.550
10030.00, 1.549
10040.00, 1.548
10050.00, 1.547
10060.00, 1.545
10070.00, 1.544
10080.00, 1.543
10090.00, 1.542
10100.00, 1.541
10110.00, 1.540
10120.00, 1.539
10130.00, 1.538
10140.00, 1.537
10150.00, 1.535
10160.00, 1.534
10170.00, 1.533
10180.00, 1.532
10190.00, 1.531
10200.00, 1.530
10210.00, 1.529
10220.00, 1.528
10230.00, 1.527
10240.00, 1.526
10250.00, 1.525
10260.00, 1.523
10270.00, 1.522
10280.00, 1.521
10290.00, 1.520
10300.00, 1.519
10310.00, 1.518
10320.00, 1.517
10330.00, 1.516
10340.00, 1.515
10350.00, 1.514
10360.00, 1.513
10370.00, 1.512
10380.00, 1.511
10390.00, 1.510
10400.00, 1.509
10410.00, 1.508
10420.00, 1.507
10430.00, 1.506
10440.00, 1.505
10450.00, 1.504
10460.00, 1.503
10470.00, 1.502
10480.00, 1.500
10490.00, 1.499
10500.00, 1.498
