970.00, 312.030
980.00, 297.240
990.00, 283.290
1000.00, 270.127
1010.00, 257.700
1020.00, 245.962
1030.00, 234.871
1040.00, 224.385
1050.00, 214.467
1060.00, 205.083
1070.00, 196.200
1080.00, 187.787
1090.00, 179.815
1100.00, 172.260
1110.00, 165.095
1120.00, 158.297
1130.00, 151.846
1140.00, 145.721
1150.00, 139.903
1160.00, 134.375
1170.00, 129.120
1180.00, 124.122
1190.00, 119.367
1200.00, 114.842
1210.00, 110.533
1220.00, 106.430
1230.00, 102.520
1240.00, 98.793
1250.00, 95.239
1260.00, 91.849
1270.00, 88.614
1280.00, 85.526
1290.00, 82.578
1300.00, 79.761
1310.00, 77.070
1320.00, 74.497
1330.00, 72.037
1340.00, 69.683
1350.00, 67.431
1360.00, 65.276
1370.00, 63.211
1380.00, 61.234
1390.00, 59.340
1400.00, 57.524
1410.00, 55.783
1420.00, 54.114
1430.00, 52.512
1440.00, 50.975
1450.00, 49.499
1460.00, 48.082
1470.00, 46.721
1480.00, 45.413
1490.00, 44.156
1500.00, 42.947
1510.00, 41.785
1520.00, 40.666
1530.00, 39.590
1540.00, 38.554
1550.00, 37.557
1560.00, 36.597
1570.00, 35.671
1580.00, 34.779
1590.00, 33.920
1600.00, 33.091
1610.00, 32.292
1620.00, 31.521
1630.00, 30.777
1640.00, 30.058
1650.00, 29.365
1660.00, 28.695
1670.00, 28.048
1680.00, 27.423
1690.00, 26.819
1700.00, 26.235
1710.00, 25.670
1720.00, 25.124
1730.00, 24.595
1740.00, 24.084
1750.00, 23.589
1760.00, 23.109
1770.00, 22.645
1780.00, 22.195
1790.00, 21.760
1800.00, 21.337
1810.00, 20.928
1820.00, 20.531
1830.00, 20.146
1840.00, 19.773
1850.00, 19.411
1860.00, 19.059
1870.00, 18.718
1880.00, 18.387
1890.00, 18.065
1900.00, 17.752
1910.00, 17.448
1920.00, 17.153
1930.00, 16.867
1940.00, 16.588
1950.00, 16.316
1960.00, 16.053
1970.00, 15.796
1980.00, 15.546
1990.00, 15.303
2000.00, 15.067
2010.00, 14.837
2020.00, 14.612
2030.00, 14.394
2040.00, 14.181
2050.00, 13.974
2060.00, 13.772
2070.00, 13.575
2080.00, 13.383
2090.00, 13.195
2100.00, 13.013
2110.00, 12.834
2120.00, 12.661
2130.00, 12.491
2140.00, 12.325
2150.00, 12.164
2160.00, 12.006
2170.00, 11.851
2180.00, 11.701
2190.00, 11.554
2200.00, 11.410
2210.00, 11.269
2220.00, 11.132
2230.00, 10.998
2240.00, 10.867
2250.00, 10.738
2260.00, 10.613
2270.00, 10.490
2280.00, 10.370
2290.00, 10.252
2300.00, 10.137
2310.00, 10.024
2320.00, 9.914
2330.00, 9.806
2340.00, 9.700
2350.00, 9.596
2360.00, 9.495
2370.00, 9.395
2380.00, 9.298
2390.00, 9.202
2400.00, 9.108
2410.00, 9.016
2420.00, 8.926
2430.00, 8.838
2440.00, 8.751
2450.00, 8.666
2460.00, 8.583
2470.00, 8.501
2480.00, 8.421
2490.00, 8.342
2500.00, 8.265
2510.00, 8.189
2520.00, 8.114
2530.00, 8.041
2540.00, 7.969
2550.00, 7.898
2560.00, 7.829
2570.00, 7.761
2580.00, 7.694
2590.00, 7.628
2600.00, 7.563
2610.00, 7.500
2620.00, 7.437
2630.00, 7.376
2640.00, 7.315
2650.00, 7.256
2660.00, 7.197
2670.00, 7.140
2680.00, 7.083
2690.00, 7.027
2700.00, 6.973
2710.00, 6.919
2720.00, 6.865
2730.00, 6.813
2740.00, 6.762
2750.00, 6.711
2760.00, 6.661
2770.00, 6.612
2780.00, 6.564
2790.00, 6.516
2800.00, 6.469
2810.00, 6.423
2820.00, 6.377
2830.00, 6.333
2840.00, 6.288
2850.00, 6.245
2860.00, 6.202
2870.00, 6.159
2880.00, 6.118
2890.00, 6.077
2900.00, 6.036
2910.00, 5.996
2920.00, 5.957
2930.00, 5.918
2940.00, 5.879
2950.00, 5.841
2960.00, 5.804
2970.00, 5.767
2980.00, 5.731
2990.00, 5.695
3000.00, 5.660
3010.00, 5.625
3020.00, 5.590
3030.00, 5.556
3040.00, 5.523
3050.00, 5.489
3060.00, 5.457
3070.00, 5.424
3080.00, 5.392
3090.00, 5.361
3100.00, 5.330
3110.00, 5.299
3120.00, 5.269
3130.00, 5.239
3140.00, 5.209
3150.00, 5.180
3160.00, 5.151
3170.00, 5.122
3180.00, 5.094
3190.00, 5.066
3200.00, 5.039
3210.00, 5.011
3220.00, 4.984
3230.00, 4.958
3240.00, 4.931
3250.00, 4.905
3260.00, 4.880
3270.00, 4.854
3280.00, 4.829
3290.00, 4.804
3300.00, 4.780
3310.00, 4.755
3320.00, 4.731
3330.00, 4.708
3340.00, 4.684
3350.00, 4.661
3360.00, 4.638
3370.00, 4.615
3380.00, 4.592
3390.00, 4.570
3400.00, 4.548
3410.00, 4.526
3420.00, 4.505
3430.00, 4.483
3440.00, 4.462
3450.00, 4.441
3460.00, 4.421
3470.00, 4.400
3480.00, 4.380
3490.00, 4.360
3500.00, 4.340
3510.00, 4.320
3520.00, 4.301
3530.00, 4.281
3540.00, 4.262
3550.00, 4.243
3560.00, 4.225
3570.00, 4.206
3580.00, 4.188
3590.00, 4.169
3600.00, 4.151
3610.00, 4.134
3620.00, 4.116
3630.00, 4.098
3640.00, 4.081
3650.00, 4.064
3660.00, 4.047
3670.00, 4.030
3680.00, 4.013
3690.00, 3.997
3700.00, 3.980
3710.00, 3.964
3720.00, 3.948
3730.00, 3.932
3740.00, 3.916
3750.00, 3.900
3760.00, 3.885
3770.00, 3.870
3780.00, 3.854
3790.00, 3.839
3800.00, 3.824
3810.00, 3.809
3820.00, 3.795
3830.00, 3.780
3840.00, 3.766
3850.00, 3.751
3860.00, 3.737
3870.00, 3.723
3880.00, 3.709
3890.00, 3.695
3900.00, 3.681
3910.00, 3.668
3920.00, 3.654
3930.00, 3.641
3940.00, 3.627
3950.00, 3.614
3960.00, 3.601
3970.00, 3.588
3980.00, 3.575
3990.00, 3.562
4000.00, 3.550
4010.00, 3.537
4020.00, 3.525
4030.00, 3.512
4040.00, 3.500
4050.00, 3.488
4060.00, 3.476
4070.00, 3.464
4080.00, 3.452
4090.00, 3.440
4100.00, 3.429
4110.00, 3.417
4120.00, 3.406
4130.00, 3.394
4140.00, 3.383
4150.00, 3.372
4160.00, 3.360
4170.00, 3.349
4180.00, 3.338
4190.00, 3.327
4200.00, 3.317
4210.00, 3.306
4220.00, 3.295
4230.00, 3.285
4240.00, 3.274
4250.00, 3.264
4260.00, 3.253
4270.00, 3.243
4280.00, 3.233
4290.00, 3.223
4300.00, 3.213
4310.00, 3.203
4320.00, 3.193
4330.00, 3.183
4340.00, 3.173
4350.00, 3.163
4360.00, 3.154
4370.00, 3.144
4380.00, 3.135
4390.00, 3.125
4400.00, 3.116
4410.00, 3.107
4420.00, 3.097
4430.00, 3.088
4440.00, 3.079
4450.00, 3.070
4460.00, 3.061
4470.00, 3.052
4480.00, 3.043
4490.00, 3.035
4500.00, 3.026
4510.00, 3.017
4520.00, 3.009
4530.00, 3.000
4540.00, 2.992
4550.00, 2.983
4560.00, 2.975
4570.00, 2.966
4580.00, 2.958
4590.00, 2.950
4600.00, 2.942
4610.00, 2.934
4620.00, 2.926
4630.00, 2.918
4640.00, 2.910
4650.00, 2.902
4660.00, 2.894
4670.00, 2.886
4680.00, 2.878
4690.00, 2.871
4700.00, 2.863
4710.00, 2.855
4720.00, 2.848
4730.00, 2.840
4740.00, 2.833
4750.00, 2.825
4760.00, 2.818
4770.00, 2.811
4780.00, 2.803
4790.00, 2.796
4800.00, 2.789
4810.00, 2.782
4820.00, 2.775
4830.00, 2.768
4840.00, 2.761
4850.00, 2.754
4860.00, 2.747
4870.00, 2.740
4880.00, 2.733
4890.00, 2.726
4900.00, 2.720
4910.00, 2.713
4920.00, 2.706
4930.00, 2.700
4940.00, 2.693
4950.00, 2.686
4960.00, 2.680
4970.00, 2.673
4980.00, 2.667
4990.00, 2.661
5000.00, 2.654
5010.00, 2.648
5020.00, 2.642
5030.00, 2.635
5040.00, 2.629
5050.00, 2.623
5060.00, 2.617
5070.00, 2.611
5080.00, 2.605
5090.00, 2.599
5100.00, 2.593
5110.00, 2.587
5120.00, 2.581
5130.00, 2.575
5140.00, 2.569
5150.00, 2.563
5160.00, 2.557
5170.00, 2.551
5180.00, 2.546
5190.00, 2.540
5200.00, 2.534
5210.00, 2.529
5220.00, 2.523
5230.00, 2.518
5240.00, 2.512
5250.00, 2.506
5260.00, 2.501
5270.00, 2.496
5280.00, 2.490
5290.00, 2.485
5300.00, 2.479
5310.00, 2.474
5320.00, 2.469
5330.00, 2.463
5340.00, 2.458
5350.00, 2.453
5360.00, 2.448
5370.00, 2.443
5380.00, 2.437
5390.00, 2.432
5400.00, 2.427
5410.00, 2.422
5420.00, 2.417
5430.00, 2.412
5440.00, 2.407
5450.00, 2.402
5460.00, 2.397
5470.00, 2.392
5480.00, 2.387
5490.00, 2.383
5500.00, 2.378
5510.00, 2.373
5520.00, 2.368
5530.00, 2.363
5540.00, 2.359
5550.00, 2.354
5560.00, 2.349
5570.00, 2.345
5580.00, 2.340
5590.00, 2.335
5600.00, 2.331
5610.00, 2.326
5620.00, 2.322
5630.00, 2.317
5640.00, 2.313
5650.00, 2.308
5660.00, 2.304
5670.00, 2.299
5680.00, 2.295
5690.00, 2.290
5700.00, 2.286
5710.00, 2.282
5720.00, 2.277
5730.00, 2.273
5740.00, 2.269
5750.00, 2.265
5760.00, 2.260
5770.00, 2.256
5780.00, 2.252
5790.00, 2.248
5800.00, 2.244
5810.00, 2.239
5820.00, 2.235
5830.00, 2.231
5840.00, 2.227
5850.00, 2.223
5860.00, 2.219
5870.00, 2.215
5880.00, 2.211
5890.00, 2.207
5900.00, 2.203
5910.00, 2.199
5920.00, 2.195
5930.00, 2.191
5940.00, 2.187
5950.00, 2.183
5960.00, 2.180
5970.00, 2.176
5980.00, 2.172
5990.00, 2.168
6000.00, 2.164
6010.00, 2.161
6020.00, 2.157
6030.00, 2.153
6040.00, 2.149
6050.00, 2.146
6060.00, 2.142
6070.00, 2.138
6080.00, 2.135
6090.00, 2.131
6100.00, 2.128
6110.00, 2.124
6120.00, 2.120
6130.00, 2.117
6140.00, 2.113
6150.00, 2.110
6160.00, 2.106
6170.00, 2.103
6180.00, 2.099
6190.00, 2.096
6200.00, 2.092
6210.00, 2.089
6220.00, 2.085
6230.00, 2.082
6240.00, 2.079
6250.00, 2.075
6260.00, 2.072
6270.00, 2.068
6280.00, 2.065
6290.00, 2.062
6300.00, 2.058
6310.00, 2.055
6320.00, 2.052
6330.00, 2.049
6340.00, 2.045
6350.00, 2.042
6360.00, 2.039
6370.00, 2.036
6380.00, 2.033
6390.00, 2.029
6400.00, 2.026
6410.00, 2.023
6420.00, 2.020
6430.00, 2.017
6440.00, 2.014
6450.00, 2.011
6460.00, 2.007
6470.00, 2.004
6480.00, 2.001
6490.00, 1.998
6500.00, 1.995
6510.00, 1.992
6520.00, 1.989
6530.00, 1.986
6540.00, 1.983
6550.00, 1.980
6560.00, 1.977
6570.00, 1.974
6580.00, 1.971
6590.00, 1.968
6600.00, 1.965
6610.00, 1.963
6620.00, 1.960
6630.00, 1.957
6640.00, 1.954
6650.00, 1.951
6660.00, 1.948
6670.00, 1.945
6680.00, 1.943
6690.00, 1.940
6700.00, 1.937
6710.00, 1.934
6720.00, 1.931
6730.00, 1.929
6740.00, 1.926
6750.00, 1.923
6760.00, 1.920
6770.00, 1.918
6780.00, 1.915
6790.00, 1.912
6800.00, 1.910
6810.00, 1.907
6820.00, 1.904
6830.00, 1.902
6840.00, 1.899
6850.00, 1.896
6860.00, 1.894
6870.00, 1.891
6880.00, 1.888
6890.00, 1.886
6900.00, 1.883
6910.00, 1.881
6920.00, 1.878
6930.00, 1.875
6940.00, 1.873
6950.00, 1.870
6960.00, 1.868
6970.00, 1.865
6980.00, 1.863
6990.00, 1.860
7000.00, 1.858
7010.00, 1.855
7020.00, 1.853
7030.00, 1.850
7040.00, 1.848
7050.00, 1.845
7060.00, 1.843
7070.00, 1.841
7080.00, 1.838
7090.00, 1.836
7100.00, 1.833
7110.00, 1.831
7120.00, 1.829
7130.00, 1.826
7140.00, 1.824
7150.00, 1.822
7160.00, 1.819
7170.00, 1.817
7180.00, 1.814
7190.00, 1.812
7200.00, 1.810
7210.00, 1.808
7220.00, 1.805
7230.00, 1.803
7240.00, 1.801
7250.00, 1.798
7260.00, 1.796
7270.00, 1.794
7280.00, 1.792
7290.00, 1.789
7300.00, 1.787
7310.00, 1.785
7320.00, 1.783
7330.00, 1.781
7340.00, 1.778
7350.00, 1.776
7360.00, 1.774
7370.00, 1.772
7380.00, 1.770
7390.00, 1.767
7400.00, 1.765
7410.00, 1.763
7420.00, 1.761
7430.00, 1.759
7440.00, 1.757
7450.00, 1.755
7460.00, 1.753
7470.00, 1.750
7480.00, 1.748
7490.00, 1.746
7500.00, 1.744
7510.00, 1.742
7520.00, 1.740
7530.00, 1.738
7540.00, 1.736
7550.00, 1.734
7560.00, 1.732
7570.00, 1.730
7580.00, 1.728
7590.00, 1.726
7600.00, 1.724
7610.00, 1.722
7620.00, 1.720
7630.00, 1.718
7640.00, 1.716
7650.00, 1.714
7660.00, 1.712
7670.00, 1.710
7680.00, 1.708
7690.00, 1.706
7700.00, 1.704
7710.00, 1.702
7720.00, 1.700
7730.00, 1.698
7740.00, 1.696
7750.00, 1.694
7760.00, 1.692
7770.00, 1.691
7780.00, 1.689
7790.00, 1.687
7800.00, 1.685
7810.00, 1.683
7820.00, 1.681
7830.00, 1.679
7840.00, 1.677
7850.00, 1.676
7860.00, 1.674
7870.00, 1.672
7880.00, 1.670
7890.00, 1.668
7900.00, 1.666
7910.00, 1.665
7920.00, 1.663
7930.00, 1.661
7940.00, 1.659
7950.00, 1.657
7960.00, 1.656
7970.00, 1.654
7980.00, 1.652
7990.00, 1.650
8000.00, 1.649
8010.00, 1.647
8020.00, 1.645
8030.00, 1.643
8040.00, 1.642
8050.00, 1.640
8060.00, 1.638
8070.00, 1.636
8080.00, 1.635
8090.00, 1.633
8100.00, 1.631
8110.00, 1.630
8120.00, 1.628
8130.00, 1.626
8140.00, 1.624
8150.00, 1.623
8160.00, 1.621
8170.00, 1.619
8180.00, 1.618
8190.00, 1.616
8200.00, 1.614
8210.00, 1.613
8220.00, 1.611
8230.00, 1.610
8240.00, 1.608
8250.00, 1.606
8260.00, 1.605
8270.00, 1.603
8280.00, 1.601
8290.00, 1.600
8300.00, 1.598
8310.00, 1.597
8320.00, 1.595
8330.00, 1.593
8340.00, 1.592
8350.00, 1.590
8360.00, 1.589
8370.00, 1.587
8380.00, 1.585
8390.00, 1.584
8400.00, 1.582
8410.00, 1.581
8420.00, 1.579
8430.00, 1.578
8440.00, 1.576
8450.00, 1.575
8460.00, 1.573
8470.00, 1.572
8480.00, 1.570
8490.00, 1.569
8500.00, 1.567
8510.00, 1.566
8520.00, 1.564
8530.00, 1.563
8540.00, 1.561
8550.00, 1.560
8560.00, 1.558
8570.00, 1.557
8580.00, 1.555
8590.00, 1.554
8600.00, 1.552
8610.00, 1.551
8620.00, 1.549
8630.00, 1.548
8640.00, 1.546
8650.00, 1.545
8660.00, 1.543
8670.00, 1.542
8680.00, 1.541
8690.00, 1.539
8700.00, 1.538
8710.00, 1.536
8720.00, 1.535
8730.00, 1.533
8740.00, 1.532
8750.00, 1.531
8760.00, 1.529
8770.00, 1.528
8780.00, 1.526
8790.00, 1.525
8800.00, 1.524
8810.00, 1.522
8820.00, 1.521
8830.00, 1.520
8840.00, 1.518
8850.00, 1.517
8860.00, 1.515
8870.00, 1.514
8880.00, 1.513
8890.00, 1.511
8900.00, 1.510
8910.00, 1.509
8920.00, 1.507
8930.00, 1.506
8940.00, 1.505
8950.00, 1.503
8960.00, 1.502
8970.00, 1.501
8980.00, 1.499
8990.00, 1.498
9000.00, 1.497
